-8.811000734567642212e-03
-4.690456669777631760e-03
8.280517905950546265e-02
-1.067050993442535400e-01
-4.016702249646186829e-02
-1.787498476915061474e-03
8.957312256097793579e-02
-9.443747252225875854e-02
7.660649418830871582e-01
-1.641268879175186157e-01
1.839198827743530273e+00
-2.114651441574096680e+00
-1.405830502510070801e+00
1.928752511739730835e-01
1.873105883598327637e+00
-2.031497716903686523e+00
8.359463214874267578e-01
-1.934475660324096680e+00
1.024419784545898438e+00
-3.552305459976196289e+00
1.782661437988281250e+00
2.643295764923095703e+00
3.539422273635864258e+00
-2.223944902420043945e+00
-8.172196149826049805e-01
-1.266223669052124023e+00
-6.510013937950134277e-01
-1.147422552108764648e+00
-9.460400342941284180e-01
-1.881616115570068359e-01
1.733370780944824219e+00
-1.314584255218505859e+00
1.195446252822875977e-01
5.182508006691932678e-02
-1.592477858066558838e-01
9.931822866201400757e-02
1.116564124822616577e-01
-3.195990622043609619e-02
1.109541952610015869e-02
-2.608138322830200195e-02
1.867525428533554077e-01
1.270539313554763794e-01
5.349045991897583008e-01
-3.190113306045532227e-01
-5.500319600105285645e-01
2.835321240127086639e-03
9.936176240444183350e-02
-3.486394882202148438e-01
9.438499808311462402e-01
1.439553499221801758e-01
8.417293429374694824e-01
-4.489157497882843018e-01
1.313628435134887695e+00
1.156629920005798340e+00
2.762788534164428711e-02
2.068250179290771484e-01
-1.986882686614990234e+00
1.398253440856933594e-01
-2.300883054733276367e+00
2.631775617599487305e+00
1.976836204528808594e+00
-7.074752449989318848e-01
-2.343877315521240234e+00
2.873196840286254883e+00
-6.983888149261474609e-01
3.047154903411865234e+00
-1.251461982727050781e+00
4.978344440460205078e+00
-2.170818328857421875e+00
-3.408566951751708984e+00
-5.137212753295898438e+00
2.985303163528442383e+00
6.591438651084899902e-01
-1.402973383665084839e-01
3.953634202480316162e-02
-2.042581140995025635e-02
-7.189527153968811035e-02
3.423144221305847168e-01
1.075325086712837219e-01
-2.613964676856994629e-02
