-2.078281641006469727e+00
-2.903829216957092285e-01
-1.252035379409790039e+00
5.949389338493347168e-01
2.137551069259643555e+00
-1.780496478080749512e+00
-3.197443962097167969e+00
1.633767604827880859e+00
-3.233223557472229004e-01
-8.016064763069152832e-01
-3.008217811584472656e-01
5.818504095077514648e-01
1.011903047561645508e+00
-7.357459664344787598e-01
-5.466929078102111816e-01
-2.747072577476501465e-01
1.954079627990722656e+00
-2.397058963775634766e+00
4.290857315063476562e-01
2.147166490554809570e+00
5.311217308044433594e-01
-7.576257586479187012e-01
4.494635462760925293e-01
-9.820607900619506836e-01
2.549525201320648193e-01
-1.014452815055847168e+00
-1.802412152290344238e+00
1.003800511360168457e+00
2.429964065551757812e+00
-2.481763124465942383e+00
-2.103585481643676758e+00
1.106403827667236328e+00
