-1.616225838661193848e-01
1.862162351608276367e-01
6.309819221496582031e-02
-1.160284876823425293e-01
-4.438460990786552429e-02
3.628139570355415344e-02
1.834932155907154083e-02
8.371837437152862549e-02
1.378608107566833496e+00
5.807844996452331543e-01
-2.171994186937808990e-02
-1.128152847290039062e+00
1.180007010698318481e-01
-2.869393825531005859e-01
-1.517690300941467285e+00
-1.579583644866943359e+00
1.020912006497383118e-01
6.018342971801757812e-01
-5.204562544822692871e-01
8.546687960624694824e-01
-2.172938585281372070e-01
-8.910459280014038086e-02
-6.657115370035171509e-02
-3.022861182689666748e-01
2.604024708271026611e-01
-1.555058360099792480e-01
9.045916795730590820e-02
5.038717985153198242e-01
1.992032676935195923e-02
-1.340972185134887695e-01
-3.310097157955169678e-01
-4.222025275230407715e-01
-2.949860990047454834e-01
1.615340709686279297e-01
1.486535668373107910e-01
-2.369869053363800049e-01
-8.315391093492507935e-02
6.856217980384826660e-02
2.796726534143090248e-03
1.505936831235885620e-01
2.373729795217514038e-01
2.593823373317718506e-01
3.946596384048461914e-02
-3.484940826892852783e-01
5.217187572270631790e-04
-6.451261043548583984e-02
-3.781602978706359863e-01
-3.571551442146301270e-01
1.132851541042327881e-01
-1.429408043622970581e-01
3.052807450294494629e-01
9.237106144428253174e-02
7.958278059959411621e-02
-3.295490443706512451e-01
-4.238097965717315674e-01
-5.029700994491577148e-01
1.631557822227478027e+00
-2.761307716369628906e+00
3.372840583324432373e-01
-7.149711847305297852e-01
-8.836652040481567383e-01
9.818501472473144531e-01
-3.275812625885009766e+00
-1.934657692909240723e+00
7.717355489730834961e-01
9.180499911308288574e-01
-1.011498212814331055e+00
2.107021331787109375e+00
-2.634894251823425293e-01
-5.020462870597839355e-01
-5.361844301223754883e-01
-1.261895179748535156e+00
-3.066792488098144531e-01
4.210391044616699219e-01
7.883659750223159790e-02
-1.339891701936721802e-01
-1.282523274421691895e-01
-2.094715461134910583e-02
-7.140272855758666992e-02
1.310412771999835968e-02
