3.044631481170654297e+00
-1.048655271530151367e+00
1.418588399887084961e+00
8.912110328674316406e-01
5.013348460197448730e-01
5.529567003250122070e-01
5.476948022842407227e-01
-3.682644069194793701e-01
-1.139650821685791016e+00
-3.408452272415161133e-01
1.511276841163635254e+00
-1.428936600685119629e+00
5.362892150878906250e-01
-5.070559680461883545e-02
1.633563280105590820e+00
6.806921362876892090e-01
-1.171723008155822754e+00
1.498235464096069336e+00
-1.373700976371765137e+00
3.173213005065917969e-01
3.297359347343444824e-01
3.487746715545654297e-01
-1.546066403388977051e-01
2.176042050123214722e-01
-1.460035443305969238e+00
-2.154186517000198364e-01
2.104939460754394531e+00
-3.272877931594848633e-01
-1.471276879310607910e-01
-9.349077939987182617e-01
-2.006297588348388672e+00
7.570090293884277344e-01
-2.195110559463500977e+00
-1.159161210060119629e+00
1.885615587234497070e-01
-1.138664960861206055e+00
1.436081677675247192e-01
-3.602553308010101318e-01
2.358664035797119141e+00
1.830730885267257690e-01
-7.437859773635864258e-01
3.401810824871063232e-01
-1.380516171455383301e+00
3.922554552555084229e-01
-7.834210395812988281e-01
-4.084996879100799561e-01
1.395259648561477661e-01
-5.705317258834838867e-01
6.174767613410949707e-01
2.275704383850097656e+00
-5.509569048881530762e-01
-5.037996172904968262e-01
3.500406026840209961e+00
-6.987407207489013672e+00
-2.372579872608184814e-01
1.935402154922485352e+00
-8.985762298107147217e-02
-2.272933274507522583e-01
-6.467630863189697266e-01
1.461607098579406738e+00
-1.282064795494079590e+00
-6.511813402175903320e-01
-2.245272975414991379e-03
2.230013459920883179e-01
1.483383774757385254e+00
-3.130408763885498047e+00
-5.444787144660949707e-01
-5.633378624916076660e-01
5.723932757973670959e-02
1.966873258352279663e-01
-1.409628152847290039e+00
2.928046703338623047e+00
-3.118206560611724854e-01
3.766617774963378906e+00
-8.779387474060058594e-01
-5.785660743713378906e-01
-1.133772969245910645e+00
1.527625799179077148e+00
5.038650333881378174e-02
4.122478961944580078e-01
7.977782189846038818e-02
3.016107380390167236e-01
-2.813758134841918945e+00
5.919094562530517578e+00
-7.584303021430969238e-01
2.119964361190795898e+00
-1.087887287139892578e+00
5.637713670730590820e-01
-2.361521959304809570e+00
3.559475183486938477e+00
2.580916043370962143e-04
-9.150651097297668457e-01
3.012067675590515137e-01
3.815686795860528946e-03
-8.481904268264770508e-01
2.695367574691772461e+00
-5.572045594453811646e-02
1.330373406410217285e+00
7.432487607002258301e-01
-1.667188525199890137e+00
-4.861756563186645508e-01
2.533352375030517578e+00
1.593112200498580933e-01
7.315488457679748535e-01
-1.431928038597106934e+00
1.235267877578735352e+00
-2.819139063358306885e-01
1.189748406410217285e+00
-3.205943703651428223e-01
9.541526436805725098e-01
-5.312307476997375488e-01
2.659849524497985840e-01
1.891628094017505646e-02
1.924361586570739746e-01
-2.831300497055053711e-01
3.486367464065551758e+00
-1.161485195159912109e+00
1.079221248626708984e+00
-1.947812587022781372e-01
1.840755462646484375e+00
-2.987723946571350098e-01
2.431331157684326172e+00
-1.383743405342102051e+00
8.155996203422546387e-01
-1.635064482688903809e-01
1.127552866935729980e+00
-5.124857425689697266e-01
2.351814985275268555e+00
-8.990626931190490723e-01
4.032918512821197510e-01
-1.374064683914184570e-01
1.314821243286132812e+00
3.658512234687805176e-01
3.249668478965759277e-01
-1.327811956405639648e+00
2.265285253524780273e+00
-2.845976650714874268e-01
6.507610082626342773e-01
2.431764639914035797e-02
-8.915781974792480469e-01
1.049574613571166992e+00
-2.715322375297546387e-01
1.579390317201614380e-01
-9.624941945075988770e-01
5.542600154876708984e-01
4.960172250866889954e-02
7.733922600746154785e-01
1.602979302406311035e+00
-7.584996819496154785e-01
7.334829568862915039e-01
5.551877617835998535e-01
-7.968037128448486328e-01
-5.057649612426757812e-01
1.289719462394714355e+00
7.080236673355102539e-01
7.284895181655883789e-01
-2.965138852596282959e-01
7.850341796875000000e-01
8.302727341651916504e-01
-1.648272573947906494e-01
1.067512869834899902e+00
6.474001705646514893e-02
2.558295130729675293e-01
2.965652704238891602e+00
-3.033385276794433594e+00
8.564125299453735352e-01
2.587324619293212891e+00
-6.943517327308654785e-01
-5.945033431053161621e-01
-6.661856174468994141e-01
9.103236794471740723e-01
-7.509274035692214966e-02
1.727128505706787109e+00
2.055105119943618774e-01
-1.248647570610046387e+00
-9.185326695442199707e-01
-5.307915210723876953e-01
-5.789557695388793945e-01
1.161864176392555237e-01
-4.201550483703613281e-01
9.471557736396789551e-01
-1.930007636547088623e-01
-5.874333381652832031e-01
-2.696853280067443848e-01
8.882862329483032227e-01
-3.261664211750030518e-01
-3.029741812497377396e-03
1.605140447616577148e+00
-1.724640488624572754e+00
3.180208504199981689e-01
1.228889465332031250e+00
-3.961794376373291016e-01
